1 1467 439960
1 1467 439960
1 1221 366159
1 1367 409916
1 1160 348000
1 1200 359962
1 1200 359962
1 1200 359962
1 1200 359962
1 1200 359981
1 1355 406384
1 1355 406384
1 1355 406401
1 1355 406401
1 1470 440804
1 781 234206
1 923 276881
1 1102 330572
1 1317 395044
1 1643 492853
1 502 150439
1 534 159967
1 545 163373
1 604 181131
1 1441 432044
1 1441 432044
1 1441 432168
1 1747 523890
1 1747 523890
1 1748 524127
1 580 173753
1 576 172546
1 682 204462
1 635 190446
1 645 193412
1 1790 536720
1 1794 537962
1 1798 539212
